3.600839506
3.780881481
3.960923457
4.140965432
4.321007407
4.140965432
4.140965432
3.690860494
4.321007407
4.681091358
3.960923457
5.221217284
4.321007407
3.690860494
3.960923457
3.600839506
3.870902469
3.960923457
4.321007407
3.600839506
4.411028395
3.780881481
4.050944444
4.050944444
3.690860494
3.870902469
4.23098642
3.870902469
4.140965432
3.690860494
4.321007407
3.600839506
4.411028395
4.23098642
4.501049383
4.771112346
4.23098642
4.771112346
4.951154321
4.59107037
5.131196296
4.681091358
5.311238272
5.491280247
5.401259259
6.12142716
5.76134321
5.311238272
5.581301235
5.131196296
5.581301235
6.301469136
6.066907407
5.941385185
6.301469136
6.12142716
5.941385185
6.931616049
6.571532099
6.571532099
7.561762963
6.664088889
6.33697037
6.841595062
6.751574074
6.931616049
7.161740123
7.034316049
7.029244444
8.551993827
7.651783951
8.46197284
7.561762963
7.831825926
7.831825926
7.651783951
7.921846914
9.128888889
8.82205679
8.732035802
8.912077778
8.46197284
10.08235062
10.43736296
8.82205679
8.855022222
9.542224691
9.092119753
9.559975309
9.99232963
9.452203704
12.57504444
9.362182716
10.35241358
10.53245556
10.08235062
10.53245556
10.71249753
9.632245679
10.08235062
10.89253951
11.07258148
10.98256049
11.34264444
10.95466667
11.33186728
10.89253951
11.79274938
11.69448704
10.71249753
11.43266543
11.5024
11.7027284
12.51291728
12.60293827
12.14142222
16.00978889
13.23308519
12.87300123
13.41312716
13.32310617
14.07180185
13.59824074
12.60293827
12.69295926
13.05304321
13.51075556
14.82430123
13.41693086
14.54916667
13.8632321
14.67342099
14.67342099
18.86637037
15.51403951
15.3035679
14.85346296
15.65604444
18.20072222
20.41320988
17.98644691
15.75367284
21.70329938
15.84242593
22.03105185
18.21213333
19.35134259
17.46914321
16.3254963
21.69442407
18.34526296
17.68722222
21.11055556
17.13505123
28.0371
24.27713889
24.32595309
24.10597222
26.35966667
20.47660494
17.19147284
28.92716667
27.02151111
21.44654938
24.10026667
24.97892222
29.63972716
32.00816667
32.74798704
22.94394074
41.00899753
33.75406667
29.67205864
23.35600864
25.73966296
46.29741358
46.42800741
37.72132963
37.58756605
29.71453333
27.82282469
37.45380247
25.11585556
36.59162963
39.48181049
31.80657037
34.46535926
41.4908
52.16589444
37.30989568
36.10475556
43.17203704
30.26480247
27.24402778
43.50169136
38.70014938
34.69675123
29.21244444
37.41576543
41.29681111
54.39042716
41.74184444
36.6677037
67.34837778
40.84417037
44.57623765
43.26332593
54.51975309
38.82947531
52.88099074
48.11685185
43.84402469
39.93381728
49.87416296
49.43420123
37.74541975
45.65712346
40.41688765
46.39567593
34.17944753
46.36714815
81.09496296
67.53475926
63.16683951
56.70371296
60.13021605
48.78883951
39.51414198
37.1273179
38.08458333
45.188
98.99519259
52.03213086
53.4001963
62.42638519
63.68921481
53.83255062
54.86272037
42.53618457
63.71140309
38.39458519
49.58634938
45.4922963
68.82801852
54.55271852
69.60270617
71.75306667
62.88346358
73.31004938
51.31196296
63.86038148
84.6298716
63.33166667
58.39445926
54.33273765
85.17253333
43.07314074
69.79796296
97.23788148
57.72754321
60.53023889
68.53513333
70.29244444
73.52052099
67.08338642
49.03481235
71.23512901
68.31198272
63.65371358
67.37310185
81.24203951
60.0319537
76.99203457
67.1658
47.21347222
75.19161481
74.88731852
56.44632901
64.0309142
86.61603889
73.86285432
91.28381728
79.08660741
87.14285185
51.80581049
82.50486914
60.87827778
64.0309142
58.75581111
91.89938333
78.99341667
98.42083333
80.63408086
81.04424691
77.87702963
64.59005864
61.95852963
87.72355062
65.94037346
61.78546111
74.71741975
101.3832846
73.3278
85.15351481
107.1249753
78.22697037
74.5602
65.61008519
86.96534568
72.21965432
68.58838519
82.61454259
83.95534815
90.54082716
58.24421296
100.2275926
90.54082716
106.9791667
99.75593333
89.79403333
105.7176049
92.90229321
78.15279815
73.37281049
92.91687407
86.92350494
93.95718704
105.0773148
97.32409877
104.6170667
102.148463
113.5266086
116.6976296
81.90641975
103.4398204
84.13792593
91.03023704
102.6581593
111.9658222
85.45654321
92.16754444
127.8019086
84.5246358
126.0090963
101.4219556
107.5991704
73.99725185
106.4428444
99.12705432
132.6884
105.5293216
115.2471506
112.97
107.8692333
109.6931093
104.2443037
114.1390049
98.8962963
104.9968031
112.3563358
89.34709815
138.2075741
104.8078858
115.5362321
96.68761235
152.9279074
131.2391889
146.3170704
112.0824691
84.26725185
140.6419444
91.5621216
103.7612333
90.09706173
79.14556481
114.4667574
121.6189883
127.4507
128.9233673
116.7280593
108.4397889
144.666263
96.69775556
119.5504074
84.72940185
113.1855432
111.6158815
116.6095105
131.8211556
132.1089691
100.3150778
118.8124889
143.4091389
132.9166222
151.7234012
134.3899235
128.6146333
126.0972154
119.2714691
118.3674556
137.9616012
106.3173222
155.8669025
129.3563556
88.57050864
129.7272167
133.2348654
139.1344099
92.64364136
133.4542123
178.7157506
101.1379457
99.46304815
127.5381852
120.2807185
124.4413364
146.3652506
127.9787809
117.7030753
155.3026864
123.6355852
160.1416315
124.9307463
156.2067
141.2239111
142.7282759
138.3597222
144.4824173
114.7450617
130.403642
150.8472815
130.5431111
193.872242
123.574092
143.3501815
106.2932321
154.9210481
139.2821204
129.402
134.6637901
138.3261228
131.4579019
145.8149815
108.849321
114.1301296
121.480787
122.5375827
165.7920333
136.0787679
184.4948444
160.3641481
160.6304074
191.3079117
128.7858
131.5320741
117.4868981
139.6796074
119.1510185
156.5262111
135.0695185
116.7813111
140.1626778
147.3345611
149.7277247
159.8246562
159.0594778
167.1157222
122.0709951
122.867237
134.383584
153.0667426
150.6894278
144.0589383
150.8111463
144.2269352
135.7415062
141.135792
167.2583611
132.2947167
177.3286667
157.2603259
127.2649525
154.2154611
133.3806741
109.5498364
152.9025494
151.7741173
115.793616
188.9882864
165.6531981
133.4491407
182.3558951
145.1112963
135.1075556
130.6496148
160.7293037
144.5001679
166.3701963
159.1609099
169.9456778
148.3926247
201.8625556
177.3863562
181.4411043
174.7725778
134.549679
163.331037
151.32845
127.3796975
164.1146
147.5228444
154.1805938
170.9802852
180.3342265
190.0038753
202.0134358
178.2073222
198.9894914
168.324666
151.9028093
177.838363
161.0836821
209.9517654
165.9987012
147.4810037
221.2842667
164.0993852
194.6234735
146.194084
153.1656389
158.0007802
211.0091951
182.4788815
155.7008074
166.9318765
176.1875556
201.8758685
185.6359556
194.8586691
215.7435383
192.7495154
176.4671278
175.1453407
163.0140617
187.5904253
171.8012512
191.766892
147.2794074
183.8646975
190.1858191
158.812237
182.4826852
175.3431333
209.2930907
140.8359333
202.3132944
141.2245451
185.925037
117.1629494
216.7248938
140.223537
192.049
156.7316111
157.0042099
210.6744691
191.1063154
175.8572673
205.1641704
176.0354074
165.5485963
150.9594907
178.5838889
194.9017778
193.460808
190.2061056
179.494242
187.4116512
193.4411556
183.794963
222.0488111
219.559921
224.527558
164.4239679
169.2102951
168.7994951
202.4115568
170.5390556
161.1267907
198.1488728
194.333758
195.9516
190.0964321
195.3899198
182.0503309
162.3547531
199.5422963
171.752437
262.0548988
179.3319506
215.3371759
205.2668704
165.4509679
192.6652
174.4606741
195.4602883
178.3334784
229.495829
208.2527778
200.3366364
199.8098235
154.4107179
184.6558679
178.7816815
206.3731142
207.2156346
164.1621463
237.7879031
217.0849778
155.4117259
175.7437901
224.7507086
217.9902593
180.4020593
218.1195852
174.7345407
199.1619259
200.7797679
211.81875
158.0096556
236.570084
210.1070833
207.3056556
214.2499506
231.0978222
220.0670815
196.9957167
181.2540889
161.3245833
208.7003469
212.9085111
200.4875167
186.4575556
236.1510426
216.9271241
232.7866667
255.2171074
269.1095012
194.2741667
223.295158
238.9074599
223.3154444
185.0501852
238.0516265
215.9387951
201.2007111
254.5590667
242.5038617
224.3804815
231.2043259
172.8212778
165.0198815
196.1874296
150.6894278
165.4940765
260.7895333
217.8267
211.9785056
218.4695259
171.8259753
212.7665062
239.2301407
171.4899815
207.672079
214.6493395
215.8696944
224.232137
200.5788056
196.542442
244.2256716
232.9831914
246.5814321
179.9500525
266.3885852
260.7210667
173.6352704
248.1802556
201.253963
199.2658938
266.9787932
182.780008
248.4167191
222.1045988
186.2293333
203.4030556
206.0263432
224.0894981
252.5735333
247.6160395
191.3237605
192.8078389
204.2703
181.0030444
243.4712704
256.1946593
301.8492469
190.3443068
182.4712741
208.3053957
182.5777778
234.194037
195.8958123
217.5617086
257.1722111
216.248163
176.0988025
207.50535
231.7387463
232.6529031
230.5786167
225.7650296
188.09505
200.9357198
214.2309321
183.0849383
250.2570778
147.0664
189.6171654
308.8265074
257.2711074
218.1804444
275.5910123
190.0824852
171.6928457
184.3465
186.3814815
227.3625852
180.5440642
222.1362963
185.0197556
227.6947753
228.1309333
231.4173333
174.2451309
207.3969444
202.3088568
202.6030099
278.1420296
205.1641704
228.263429
201.0333481
231.4934074
146.8191593
183.6833877
239.9661574
231.5517309
216.4161599
252.4137778
233.7413963
231.7089506
211.920816
184.9836204
218.7332494
200.1965333
223.3458741
229.9985519
201.6736383
194.56515
180.9142914
184.9836204
223.3534815
157.7776296
216.3622741
182.3546272
239.9661574
172.6184136
175.436958
212.8742778
244.7702352
224.450216
161.0691012
256.4647222
153.4566222
255.4377222
250.0301235
188.4545
179.5880667
192.2886333
137.6351167
250.8637685
200.8571099
205.9071605
176.2750407
179.0973889
183.5857593
179.4473296
210.535
179.4130963
200.9052901
231.2639173
239.0741889
195.168037
142.3510753
187.3958025
258.7241222
219.6600852
181.5507778
191.0029815
180.237866
189.494179
193.1095994
256.391184
203.7086198
209.8731556
220.1564685
216.7768778
227.0658963
190.8051889
176.2750407
216.543584
239.2567667
183.3790914
185.1947259
189.7553667
164.7739086
175.9079833
211.3337778
221.9904877
207.1053272
168.4508222
219.9986148
168.2130907
220.1596383
192.0470981
188.9388383
168.5985327
218.0295642
175.9079833
220.5996
205.4633951
186.1551611
187.2436543
208.7168296
272.3451852
203.6883333
234.7417704
224.8673556
174.5107562
238.9829
133.8231716
256.5217778
246.9263012
176.7898086
196.8682926
159.3371481
181.52225
214.2245926
233.436466
225.952679
183.0925457
179.0929512
156.6491975
221.755292
197.145963
234.6238556
168.7335642
206.1987778
243.9086963
230.1716204
184.7858278
187.6937593
196.3471852
291.629963
209.457284
195.091329
215.8411667
232.7537012
168.8464074
181.6839074
229.3100815
176.9761901
182.049063
186.1754475
194.1828778
156.3715272
176.6592148
217.0101716
216.9011321
183.7188889
218.4086667
194.5467654
173.1541019
213.5310506
170.9739457
149.8164778
165.7242006
190.4267204
194.0858833
242.4734321
168.3069154
223.6311519
210.7296228
226.0522093
199.7476963
236.7146247
182.1859963
166.2123426
210.3004383
187.7254568
217.698642
205.6409012
165.719763
167.9221074
192.4185932
154.4132537
145.6767802
186.4746722
168.8844444
231.6702796
178.9744025
201.2818568
145.4587012
210.6833444
150.9842148
280.5833735
192.5092481
204.9720833
155.2386574
162.728784
204.8941074
165.5067556
144.7474086
138.7020556
135.564
144.85835
222.9300025
165.5802938
258.6017698
155.0941167
158.1364457
179.7744481
191.0809574
173.4805864
175.3127037
157.6153383
139.7214481
153.3748426
178.4209636
134.7157741
144.7233185
209.0547253
189.4738926
172.8897444
188.6446852
165.5879012
145.9075383
223.3230519
178.0069938
170.5314481
205.4659309
167.4536179
189.43015
190.4324259
161.6935426
147.9082864
147.3326593
146.4146988
150.0085648
167.7965852
188.4367494
148.3774099
152.792242
169.609684
139.5388704
149.1926704
176.0683728
181.2693037
143.0344741
193.4329142
123.5119648
157.4581185
156.5953117
185.1769753
129.6074
141.5580031
192.292437
157.9069556
179.0935852
147.6084278
133.9816593
153.8522074
146.5757222
130.7732352
172.6976574
167.4745383
139.0824259
140.0891395
115.5349642
132.8075827
157.1905914